DATOS
NOMBRE FICHERO = E:\1_proyectos\UVA\U0004_caja_sensores\Software\PASCAL\datos1.dat
NOMBRE FICHERO SETUP = inicioO2.stp
DIA y HORA = 03/11/2021 09:11:20
HORA ; TIEMPO TEST ; SENSOR ; O2 ; TEMP ; PRESION ; O2% ; ERROR
09:26:45;000:01;001;0194;+17,8;0982;019,79;0000
09:26:46;000:01;004;0198;+20,5;0983;020,21;0000
09:26:46;000:01;010;0196;+20,3;0983;020,00;0000
09:26:48;000:03;001;0194;+17,8;0982;019,79;0000
09:26:48;000:03;004;0198;+20,5;0983;020,21;0000
09:26:48;000:03;010;0196;+20,2;0983;020,00;0000
09:26:50;000:05;001;0194;+17,8;0982;019,79;0000
09:26:50;000:05;004;0198;+20,5;0983;020,21;0000
09:26:50;000:05;010;0196;+20,3;0983;020,00;0000
09:26:52;000:07;001;0194;+17,8;0981;019,81;0000
09:26:52;000:07;004;0198;+20,5;0983;020,21;0000
09:26:52;000:07;010;0196;+20,3;0983;019,99;0000
09:26:54;000:09;001;0194;+17,8;0982;019,79;0000
09:26:54;000:09;004;0198;+20,5;0983;020,21;0000
09:26:54;000:09;010;0196;+20,3;0983;019,99;0000
09:26:56;000:11;001;0194;+17,9;0981;019,81;0000
09:26:56;000:12;004;0198;+20,5;0983;020,20;0000
09:26:56;000:12;010;0196;+20,3;0983;019,99;0000
09:26:58;000:13;001;0194;+17,8;0982;019,79;0000
09:26:58;000:13;004;0198;+20,5;0983;020,20;0000
09:26:58;000:14;010;0196;+20,3;0983;019,99;0000
09:27:00;000:16;001;0194;+17,9;0982;019,79;0000
09:27:00;000:16;004;0198;+20,5;0983;020,20;0000
09:27:00;000:16;010;0196;+20,3;0983;019,99;0000
09:27:02;000:18;001;0194;+17,9;0982;019,79;0000
09:27:02;000:18;004;0198;+20,6;0983;020,20;0000
09:27:02;000:18;010;0196;+20,3;0983;019,99;0000
09:27:04;000:20;001;0194;+17,8;0982;019,79;0000
09:27:04;000:20;004;0198;+20,5;0983;020,20;0000
09:27:04;000:20;010;0196;+20,3;0983;019,99;0000
09:27:06;000:22;001;0194;+17,9;0982;019,79;0000
09:27:06;000:22;004;0198;+20,5;0983;020,20;0000
09:27:06;000:22;010;0196;+20,3;0983;019,99;0000
09:27:08;000:24;001;0194;+17,9;0981;019,82;0000
09:27:08;000:24;004;0198;+20,6;0983;020,20;0000
09:27:09;000:24;010;0196;+20,3;0983;019,99;0000
09:27:11;000:26;001;0194;+17,9;0982;019,79;0000
09:27:11;000:26;004;0198;+20,6;0983;020,20;0000
09:27:11;000:26;010;0196;+20,4;0983;019,99;0000
09:27:13;000:28;001;0194;+17,9;0982;019,80;0000
09:27:13;000:28;004;0198;+20,6;0983;020,19;0000
09:27:13;000:28;010;0196;+20,4;0983;019,99;0000
09:27:15;000:30;001;0194;+18,0;0982;019,80;0000
09:27:15;000:30;004;0198;+20,6;0983;020,19;0000
09:27:15;000:30;010;0196;+20,3;0983;019,99;0000
09:27:17;000:32;001;0194;+17,9;0982;019,80;0000
09:27:17;000:33;004;0198;+20,6;0983;020,19;0000
09:27:17;000:33;010;0196;+20,3;0983;019,99;0000
09:27:19;000:35;001;0194;+17,9;0982;019,80;0000
09:27:19;000:35;004;0198;+20,6;0983;020,19;0000
09:27:19;000:35;010;0196;+20,4;0983;019,99;0000
09:27:21;000:37;001;0194;+18,0;0982;019,80;0000
09:27:21;000:37;004;0198;+20,6;0983;020,19;0000
09:27:21;000:37;010;0196;+20,4;0983;019,99;0000
09:27:23;000:39;001;0194;+18,0;0982;019,80;0000
09:27:23;000:39;004;0198;+20,5;0983;020,19;0000
09:27:24;000:39;010;0196;+20,4;0983;019,99;0000
09:27:25;000:41;001;0194;+18,0;0982;019,80;0000
09:27:25;000:41;004;0198;+20,6;0983;020,19;0000
09:27:26;000:41;010;0196;+20,3;0983;019,99;0000
09:27:27;000:43;001;0194;+18,0;0981;019,82;0000
09:27:27;000:43;004;0198;+20,6;0983;020,19;0000
09:27:28;000:43;010;0196;+20,4;0983;019,99;0000
09:27:29;000:45;001;0194;+18,1;0982;019,80;0000
09:27:29;000:45;004;0198;+20,6;0983;020,18;0000
09:27:30;000:45;010;0196;+20,4;0983;019,99;0000
09:27:31;000:47;001;0194;+18,0;0982;019,80;0000
09:27:32;000:47;004;0198;+20,6;0983;020,18;0000
09:27:32;000:47;010;0196;+20,4;0983;019,99;0000
09:27:34;000:49;001;0194;+18,0;0982;019,80;0000
09:27:34;000:49;004;0198;+20,6;0983;020,18;0000
09:27:34;000:49;010;0196;+20,4;0983;019,99;0000
09:27:36;000:51;001;0194;+18,1;0982;019,80;0000
09:27:36;000:51;004;0198;+20,6;0983;020,18;0000
09:27:36;000:51;010;0196;+20,4;0983;019,99;0000
09:27:38;000:53;001;0194;+18,0;0982;019,80;0000
09:27:38;000:53;004;0198;+20,6;0983;020,18;0000
09:27:38;000:53;010;0196;+20,4;0983;019,99;0000
09:27:40;000:55;001;0194;+18,1;0982;019,80;0000
09:27:40;000:55;004;0198;+20,5;0983;020,17;0000
09:27:40;000:55;010;0196;+20,4;0983;019,99;0000
09:27:42;000:57;001;0194;+18,1;0982;019,80;0000
09:27:42;000:58;004;0198;+20,6;0983;020,17;0000
09:27:42;000:58;010;0196;+20,4;0983;019,99;0000
09:27:44;001:00;001;0194;+18,2;0982;019,80;0000
09:27:44;001:00;004;0198;+20,6;0983;020,17;0000
09:27:44;001:00;010;0196;+20,4;0983;019,99;0000
09:27:46;001:02;001;0194;+18,1;0981;019,82;0000
09:27:46;001:02;004;0198;+20,6;0983;020,17;0000
09:27:46;001:02;010;0196;+20,4;0983;019,99;0000
09:27:48;001:04;001;0194;+18,1;0982;019,80;0000
09:27:48;001:04;004;0198;+20,6;0983;020,16;0000
09:27:52;001:04;001;0194;+18,1;0982;019,80;0000
09:27:52;001:07;004;0198;+20,6;0983;020,16;0000
09:27:52;001:07;010;0196;+20,4;0983;019,98;0000
09:27:52;001:08;001;0194;+18,1;0982;019,80;0000
09:27:52;001:08;004;0198;+20,6;0983;020,16;0000
09:27:52;001:08;010;0196;+20,4;0983;019,98;0000
09:27:55;001:10;001;0194;+18,1;0981;019,81;0000
09:27:55;001:10;004;0198;+20,6;0983;020,16;0000
09:27:55;001:10;010;0196;+20,4;0983;019,98;0000
09:27:57;001:12;001;0194;+18,1;0982;019,79;0000
09:27:57;001:12;004;0198;+20,6;0983;020,16;0000
09:27:57;001:12;010;0196;+20,4;0983;019,98;0000
